914278859587035137
914278861864497153
914278862451888128
914278862585921536
914278863785594880
914278873273032704
914278882282483713
914278888762613761
914278892306862085
914278893388832768
914278894341148678
914278895892836353
914278896916471808
914278897688154112
914278899944689664
914278903404990464
914278922740731906
914278922858254341
914278923441197056
914278924494016512
914278924548440065
914278924980453377
914278925513129984
914278925618040832
914278927207673859
914278929313206272
914278936309325824
914278940318896128
914278943196315649
914278960686600192
914278962586566656
914278964474019840
914278967368024066
914325558556639238
914325565309669376
914325569684115456
914325571890438144
914325588000702464
914325589993099266
914325596775354368
914325598780174337
914325605516238848
914325609265848320
914325612914978822
914325614974382080
914325616765362176
914325620397531136
914325621005803520
914325627028852736
914325627909672960
914325628761120769
914325631080521728
914325636692500480
914325636986138624
914325639087267840
914325646637240321
914325650873319425
914325665595478016
914325670431358978
914325677444407297
914325683081437184
914325702136221696
914325703100944384
914325711506329600
914325720309968897
914325722965188608
914325726236733441
914325731722895361
914325735224918016
914325737217380353
914325737372389376
914325740228894720
914325745845055488
914325745924788224
914325765705134081
914325766002819072
914325770654355456
914325776182411264
914325783870451713
914325793056149504
914325796902318085
914325800266207232
914325804233916417
914325804385017856
914325804410163200
914325805479661569
914325807010430977
914325809007071232
914325810504400896
914325811292983296
914325812287016960
914325813675347968
914325815076065280
914325816603013120
914325817529962496
914325819857784832
914325821602459648
914325821799546880
914325822508605441
914325823913644033
914325825465520128
914325825536831488
914325825750732800
914325825826066432
914325827097067520
914325827898179584
914325832419733504
914325836806934530
914325838186692608
914325850258120704
914325852128718848
914325869924978690
914325874522169351
914325878053752832
914325889319669761
914325890338656256
914325890569576448
914325893992022017
914325898182004736
914325899415257090
914325909129367553
914325910085672960
914325910962229248
914325912019234816
914325926506139648
914325937717747713
914325943237439489
914325943669342208
914325968759615490
914325969254588416
914325974996660224
914325982349275136
914325991564210177
914325998115676160
914326013844250624
914326027232477184
914326031787597824
914326034513907712
914326040427814913
914326043158294529
914326044101853184
914326045909749760
914326051031003136
914326055917416449
914326060224802816
914326066738585600
914326066864513027
914326070027079686
914326080755990528
914326088368635905
914326093003411456
914326093330444288
914326097180860416
914326097575084032
914326098447618048
914326106702012417
914326108551749632
914326111466741760
914326112985067520
914326113312284674
914326113979158529
914326121251979265
914326125438005248
914326127535063041
914326128403341313
914326128466251776
914326153258848261
914326159256543232
914326172829437952
914326176591626240
914326184112082944
914326185408155648
914326186892910592
914326199949807616
914326201388404736
914326209454100480
914326214428516354
914326216122994688
914326228106141698
914326230467563520
914326230870011904
914326231277023233
914326234527649794
914326245445443585
914326249241219073
914326257604497408
914326258363895810
914326265422893056
914326266869899264
914326267352281088
914326267922718720
914326274235097089
914326275313029120
914326290618048512
914326294413938688
914326296087465984
914326301799981056
914326302626275330
914326310218076161
914326321123217408
914326323325227009
914326334230450176
914326336000294912
914326341364961280
914326343436914690
914326351779450880
914326361476665345
914326362986598400
914326364584636416
914326368531267585
914326374667767808
914326384318742529
914326389263929344
914326391247777793
914326395769311233
914326397233004545
914326398663356416
914326405638492160
914326407873990656
914326409530703872
914326410034057216
914326432075063298
914326457547198464
914326464018890752
914326475880452097
914326478946529280
914326479701467136
914326480766640129
914326481341317120
914326487309877248
914326494754852864
914326508470235136
914326510462488576
914326515826835456
914326525486518272
914326528967811072
914326537532579842
914326540506279937
914326541844320256
914326544419622912
914326546227322880
914326548760670208
914326551755452416
914326551813963777
914326552657219584
914326553194004480
914326570935996416
914326575142916096
914326577730768896
914326582067593216
914326582390640642
914326586618290176
914326586740150272
914326589126606848
914326590724689920
914326591748083713
914326592331100161
914326598064775168
914326600157499393
914326602804224001
914326607426473990
914326610555412480
914326611352223745
914326615697457153
914326617555480576
914326619535417344
914326632281919489
914326633464479744
914326638170595328
914326639147753472
914326643920879616
914326657225379840
914326657716035584
914326657816829952
914326662036193281
914326667560210432
914326669699305472
914326672832385024
914326680495419393
914326680709341184
914326680835100673
914326681342693377
914326681485266945
914326687265017856
914326689265709056
914326689865453568
914326693225132032
914326693279617024
914326694680518657
914326696228278272
914326697222139904
914326698660900864
914326702075064325
914326710514061312
914326713257078784
914326733624610816
914326738464845824
914326740893339648
914326742772436993
914326746241097728
914326749604990976
914326756601024512
914326759654424578
914326761902616576
914326763018231809
914326775953362944
914326779468193792
914326783398481920
914326788691472384
914326789509582848
914326790319038464
914326794832109568
914326795826204672
914326798279888897
914326807972859904
914326817649184769
914326825001783297
914326826733973505
914326835676065793
914326840201945088
914326841502130177
914326844173778945
914326854659710976
914326855414464512
914326856719114242
914326864415428608
914326864465973253
914326868005965824
914326868979044357
914326873538166784
914326875840892929
914326882761314305
914326888956473345
914326892639129600
914326901921013760
914326908908818432
914326914759872512
914326920250122240
914326923672657920
914326924784267264
914326925291560960
914326939267149824
914326962910502912
914326964563070976
914326965888454658
914326968702775296
914326982514679809
914326991121166336
914326992249597953
914326995441348608
914326995600678917
914326998016806912
914327002383110144
914327002550857728
914327008393359361
914327009991393280
914327011300081664
914327015356010496
914327015863521280
914327022884634624
914327023258079232
914327027401900032
914327029604143105
914327043881529348
914327047551410176
914327049740808192
914327056745467904
914327058146193408
914327059450785792
914327060549656577
914327064244764672
914327069584183296
914327069772873728
914327081458290688
914327085837115393
914327092338274305
914327094670348288
914327103138496512
914327104283709440
914327105260855296
914327110394753024
914327112638697473
914327115964862466
914327118376452096
914327119043465216
914327130921504768
914327134205755392
914327134729940993
914327136189763584
914327146482458624
914327151482146817
914327151893245952
914327155835797507
914327161263263744
914327161745444864
914327167693180928
914327168750059521
914327176580911104
914327181509066752
914327182222045184
914327182708822016
914327185128923137
914327186588315648
914327194637234177
914327203088703488
914327204112322560
914327206972837888
914327207258001409
914327209166372864
914327209728495617
914327216561033216
914327219870109696
914327226241437696
914327237108785152
914327246688735234
914327254511046657
914327257451134976
914327261154828288
914327262161403906
914327264942104576
914327269174153216
914327269799288833
914327280108707840
914327280880627712
914327290565316609
914327292066721792
914327299339751425
914327302913196032
914327305098485760
914327305542967296
914327311272611840
914327311301869568
914327312723841026
914327312858013696
914327315336835072
914327316213272576
914327317878640640
914327318172192768
914327318461591552
914327323352158209
914327328314011653
914327333045125121
914327338334195712
914327344881397760
914327350841675776
914327354922684416
914327355761545216
914327359788077056
914327360417275905
914327363667841024
914327363755835392
914327368289914880
914327371905486849
914327372685492225
914327374069628928
914327374401036288
914327382609285121
914327391383760896
914327391455076352
914327394818895872
914327397591285761
914327398551900160
914327404356734976
914327407716442112
914327412543954945
914327418353176576
914327420592902144
914327423126261760
914327424954855424
914327426225885184
914327431812718593
914327435793063936
914327442424287233
914327444647288832
914327450003283968
914327451240665088
914327458748526592
914327470228279296
914327483209707520
914327483960487938
914327485352861701
914327485537411072
914327491011121154
914327492680396805
914327508727812098
914327512154542080
914327512515260420
914327519423328257
914327524158603264
914327525110702080
914327527476400128
914327530944962562
914327542445871105
914327549500706816
914327567812800512
914327568815415296
914327571164221441
914327572560957441
914327573009715208
914327587031273472
914327593075314688
914327595105308674
914327595755429888
914327598976557056
914327607587622912
914327619323260929
914327620023488512
914327621252665345
914327639678210048
914327642018598912
914327652839903232
914327654786113537
914327656241303552
914327657772445698
914327659559116800
914327660662272000
914327667817816069
914327671722659841
914327672943149057
914327672951644161
914327680832679939
914327683269644288
914327683580006400
914327687799492613
914327691482091521
914327693692489728
914327695382728704
914327698071277569
914327698985582597
914327700508221440
914327706308820992
914327709228158977
914327709895073792
914327710272507904
914327711442665472
914327714735251457
914327716236754946
914327728622628864
914327731080388608
914327734624677888
914327745043353603
914327749598294016
914327750974038017
914327755348742144
914327761065570305
914327768548220928
914327773895729152
914327779688144896
914327782259294208
914327784226476033
914327784234770432
914327789196791808
914327792736768000
914327793399484417
914327804086509569
914327806351478789
914327818737115136
914327822830882817
914327824957403138
914327826312155141
914327826332913665
914327835363483648
914327842799996929
914327843441606657
914327844699983872
914327845270380544
914327845379432448
914327846323138560
914327846511943680
914327863154819072
914327864702570496
914327869744181248
914327872310960128
914327883069382656
914327890543693824
914327894490587136
914327896352788480
914327897707511808
914327901352361985
914327905659793408
914327907954315264
914327910156292096
914327923074646017
914327923112513536
914327924764942337
914327927919140865
914327929668091904
914327933661077505
914327934734929921
914327935456239616
914327939029680128
914327942414684161
914327951654633472
914327951914631168
914327957455491072
914327958059229184
914327958743080960
914327959791693824
914327964153667585
914327970269024256
914327973850906625
914327976157810688
914327983694897153
914327985121120256
914327988233228288
914327993857736705
914327995610955777
914327997058097152
914328002946887682
914328003559043073
914328006650482688
914328006948204544
914328007069896704
914328010341335040
914328011121549312
914328011834642433
914328017647923200
914328018679734273
914328019774377984
914328020256731136
914328032084709376
914328033338679296
914328033758253056
914328034559381504
914328056625549312
914328061813841920
914328064909246464
914328070856744961
914328087638179840
914328097587113984
914328099281620992
914328100762210304
914328106609119232
914328107091406848
914328116461371392
914328126439567360
914328135629406208
914328139337162752
914328152226250752
914328154835226625
914328157909643264
914328158555516928
914328160409354240
914328160451334146
914328164008042496
914328164578369537
914328168974180352
914328170056306688
914328171083943941
914328173327863810
914328194446188545
914328194874003457
914328194899046401
914328196593668096
914328214708871173
914328220044054528
914328220417318912
914328220987740160
914328221738561536
914328221902102533
914328223818948608
914328244220030977
914328246509899776
914328252445061120
914328252881108992
914328257557929984
914328259101429761
914328281377210368
914328295583485952
914328303934361600
914328312578580480
914328318538792960
914328329335042053
914328329376772096
914328336825958400
914328341183856642
914328342601633793
914328346745487360
914328347668135936
914328352189829120
914328357864603648
914328361551331328
914328368027459586
914328374126006273
914328375094857734
914328377938628609
914328394225070081
914328397752537088
914328404530536449
914328415280549888
914328418870730752
914328421441921024
914328422792429568
914328424403087361
914328425359335424
914328427179773952
914328433898881024
914328433953558529
914328435517829120
914328439833989126
914328444338655232
914328445018103808
914328448042242048
914328453167665153
914328453729501184
914328456413970437
914328457030586368
914328465381478400
914328467046649856
914328469231648768
914328472172072960
914328475451953152
914328478920642561
914328482145898496
914328486063386624
914328489926578176
914328502991822848
914328506393341953
914328510822363136
914328514391887872
914328515885064192
914328517252333568
914328521174118400
914328525783666689
914328529310973953
914328531647295489
914328533970731009
914328546335772673
914328548558692352
914328556217552896
914328559165988864
914328561741316096
914328571471990784
914328574471147520
914328583371444224
914328585653059584
914328589914517504
914328589952155648
914328591349030915
914328613327069184
914328620994240514
914328624496394241
914328627092885509
914328631991615488
914328632436211713
914328636588732418
914328637511471104
914328638656352256
914328642892820480
914328642989297664
914328644721315841
914328645140992000
914328649456857089
914328650190909440
914328652929695745
914328660869550085
914328663717502976
914328671539941376
914328676862447616
914328694411362304
914328700484771840
914328700690292736
914328702732947456
914328707837386752
914328714665701376
914328716666212354
914328724513816576
914328727496134656
914328733019860993
914328735448477696
914328735461134336
914328745653276672
914328747653914625
914328749868552192
914328757212667905
914328758198210561
914328758261305344
914328758953193473
914328759028854784
914328764967919616
914328765760626688
914328783519395841
914328793770332160
914328796345532421
914328805241581568
914328814402048001
914328815542898688
914328816084021249
914328825282121729
914328829954592769
914328831019888646
914328834060800000
914328834199220224
914328837806321664
914328839085576193
914328848111689728
914328848539553792
914328852549206016
914328852796764160
914328855455965185
914328859058765824
914328866235277312
914328866839257088
914328869427085312
914328872363184128
914328876792320000
914328880114290688
914328886770577409
914328889958322177
914328892038672384
914328895695892480
914328896853520384
914328902457315329
914328903312969729
914328907544854528
914328908551426048
914328909960876032
914328914918563840
914328916487221248
914328917426634752
914328920354430976
914328939337801728
914328939916615680
914328946937925632
914328970128105472
914328970522501120
914328977640247297
914328999849013250
914329000625020928
914329008871018499
914329018228514816
914329018840813568
914329019373326337
914329026273169410
914329047961874432
914329049945780224
914329052508561408
914329057122283520
914329319400407040
914329328237891584
914329330049789952
914329330175631365
914329330293121025
914329338346070017
914329343496777728
914329344880910336
914329349138075649
914329351969177600
914329357157416960
914329357329489920
914329362346004480
914329363394347008
914329369413271552
914329372374511618
914329375935516678
914329378548457472
914329379185897473
914329379777286144
914329380117151744
914329382046588928
914329382474407937
914329385309794304
914329385649430529
914329387771858944
914329389957033985
914329391206948864
914329392469262336
914329394398756864
914329394595991552
914329395006976000
914329395090903040
914329396412116993
914329399234875392
914329403475189761
914329419484975104
914329428032753664
914329431275061248
914329432634089472
914329434349383680
914329434810920960
914329435016433664
914329438707318784
914329438980059136
914329451340746752
914329456382066688
914329456445079556
914329457099513856
914329459272093696
914329460220026880
914329465207042048
914329468029820928
914329476745584640
914329477936828416
914329479346032640
914329480348520448
914329480679886848
914329481854275584
914329481929789440
914329485847212032
914329489164914689
914329495708078080
914329498769920001
914329502985027584
914329503232614403
914329506013433856
914329507401625601
914329510543323136
914329512409669632
914329513575763969
914329515253485568
914329517631602690
914329519569473536
914329522622705664
914329527521873920
914329528691982336
914329528859631617
914329535268753408
914329536875155456
914329540486471682
914329541589524480
914329541698404352
914329546219978752
914329549760065536
914329550540095488
914329560258297856
914329560346267648
914329564003946496
914329565069238272
914329565534707713
914329569263484928
914329580563025925
914329585168371712
914329591539535873
914329596866293761
914329600875991041
914329602805452801
914329612166893568
914329618114662400
914329624427057153
914329625320415232
914329629120454656
914329631922249729
914329632928882688
914329633662701570
914329634199801856
914329635307053056
914329640596004864
914329644605820928
914329646279294976
914329646463827968
914329651463454720
914329652214235136
914329653690675201
914329654923800576
914329656198909952
914329663123738624
914329666751692800
914329667074748416
914329667561279489
914329675463368704
914329676738314240
914329690277519360
914329694937391104
914329695998631936
914329697202315264
914329698301292546
914329699668549632
914329701627449344
914329704215089152
914329705951764480
914329716068421633
914329717972406273
914329720745025537
914329721344811009
914329722041094145
914329724029161472
914329725111115777
914329729322364928
914329730169606145
914329733009170432
914329736339427328
914329736372981760
914329741859131392
914329748527968256
914329748846686208
914329749211643904
914329758460194817
914329767821713408
914329773815603200
914329774625091595
914329777326223360
914329779209416704
914329780153208832
914329782413877249
914329797999972352
914329801753792512
914329804345892864
914329808418439168
914329815653613570
914329817511632896
914329818241540097
914329821714407425
914329822817669121
914329824210096128
914329826147913728
914329828429586433
914329832653123584
914329834993491969
914329838948950016
914329845936607232
914329861992443904
914329862168629254
914329872163418114
914329880644419584
914329881974071296
914329883937034241
914329885891452930
914329886864572416
914329893332234240
914329905793572865
914329906347208704
914329910235340805
914329911455862785
914329912332423168
914329913485697024
914329921937317888
914329922944061440
914329923682279424
914329924080734208
914329925263519744
914329961477038080
914329968724688897
914329970746339328
914329975171502080
914329977839128577
914329979542032384
914329984881307648
914329989931089920
914329990316961792
914329995094437889
914329996990337025
914330005152317441
914330007652069376
914330008713400320
914330012425293824
914330015017443329
914330022864863233
914330031341674496
914330037943504896
914330039302410240
914330039507996672
914330040183042048
914330043068899328
914330045161893888
914330045535195136
914330051889340416
914330052543868928
914330053692948480
914330054464868352
914330056272556032
914330056889192453
914330067450388486
914330069430128640
914330071728406528
914330077558603776
914330078359810049
914330080918286336
914330080972804096
914330080998039552
914330088237387777
914330089877368832
914330090741338112
914330091605422080
914330104737669121
914330109817032704
914330110895050753
914330111381471232
914330111981256704
914330116582494208
914330116582514688
914330117245108225
914330118775963648
914330121980514305
914330125025472517
914330136585089025
914330143602233344
914330144994607104
914330147704201216
914330148215967745
914330156797513728
914330163537514496
914330170034601984
914330176464588800
914330181078179840
914330181111881728
914330181195620354
914330187931770880
914330192532910081
914330195313688576
914330200728535040
914330201148084224
914330201303257088
914330212401336320
914330214888542208
914330220416528384
914330221477859328
914330222337470465
914330224833294338
914330234593431553
914330238842261504
914330244588257283
914330266423975936
914330269326483456
914330274854469634
914330275135606784
914330277220093952
914330296253845506
914330297528983554
914330300766932992
914330305510723584
914330308669034497
914330309017182208
914330310401171456
914330310464196610
914330312376799232
914330321566490624
914330326591082496
914330327182708736
914330331859255299
914330332010307584
914330333213888512
914330336045223936
914330336263274497
914330346707193858
914330351102697472
914330359428509696
914330362985271296
914330366873407490
914330370585300992
914330372128821248
914330374934802433
914330381381361664
914330387194707968
914330389971394561
914330392114671616
914330396015415296
914330397554692096
914330399391789056
914330401556111361
914330401920909312
914330404240359429
914330404647079936
914330414814294016
914330416164646912
914330429527699456
914330429666324482
914330431465586688
914330431570546688
914330431817961472
914330439179018240
914330448297312257
914330448519729152
914330449282981889
914330450679693312
914330451627700225
914330452365840384
914330455939436544
914330461501116416
914330464281821184
914330465955450880
914330467435868160
914330468203470849
914330474180313088
914330481621065729
914330483516944386
914330488126525446
914330488365572096
914330489976180736
914330490131410945
914330504488521728
914330505167953921
914330511362969600
914330515238506496
914330517134282752
914330517914431488
914330519449559040
914330521626382336
914330521991249920
914330526017835008
914330531654979585
914330550692749312
914330554949967873
914330555830767616
914330560071389187
914330570405982208
914330570917797888
914330575862935552
914330577733431296
914330586126471170
914330597698412544
914330598419914752
914330601783742464
914330604694573057
914330609832435712
914330612726665216
914330620087689216
914330623535407104
914330626110738438
914330633760940032
914330636617486336
914330640635613184
914330642451697665
914330648612978688
914330649909178368
914330650957811712
914330651012337664
914330657135976448
914330658348072960
914330662727012352
914330663209271297
914330672159801346
914330674068426753
914330679864782848
914330683589328896
914330694255562752
914330697711501313
914330703013216257
914330716934230016
914330719694000128
914330731710644224
914330733128302593
914330734013317120
914330734881415169
914330741286117377
914330744197079040
914330744385949696
914330745446948864
914330746067791874
914330748752187392
914330752740970497
914330754687033344
914330760634445824
914330761037320192
914330762014543872
914330766103896064
914330777298415616
914330778149961728
914330778292690945
914330781069172736
914330782637977600
914330784521162752
914330784869253120
914330784953233408
914330785989017600
914330790728749058
914330796995088384
914330804016336896
914330807216558080
914330807380140042
914330824425771008
914330830490783744
914330832462073856
914330833263235073
914330834299125760
914330839906787328
914330844541652992
914330848937304065
914330855224594432
914330855811584000
914330864133246976
914330866347909121
914330870177087488
914330876225507328
914330879073320960
914330882118422528
914330882462425088
914330883812970497
914330884060323841
914330887441076225
914330888384770048
914330897599680513
914330898085986304
914330903798620161
914330908852985856
914330908861362177
914330913886150656
914330917144899584
914330917375750144
914330918101278720
914330918122328064
914330922547384321
914330929828712448
914330934035582978
914330942327664640
914330944148000768
914330952079360000
914330954344394754
914330958467174400
914330959075475456
914330961541832705
914330964721102848
914330966763507712
914330969380937728
914330970647678976
914330974200180736
914330974397145088
914330984056868865
914330985755537408
914330986447589376
914330988070785024
914330990969016320
914330992097107968
914330993150046213
914330998074150912
914331004189401088
914331009864355840
914331014008160256
914331016042565633
914331017116299264
914331017153884160
914331018043068416
914331030001029120
914331030705758208
914331032702394368
914331036225495040
914331039790764037
914331050607648768
914331061496184833
914331063832465409
914331064369385478
914331067930304513
914331071256367104
914331072355344385
914331073546379264
914331075303792642
914331076029554689
914331078541721601
914331079611437057
914331081436000257
914331084099289088
914331089635729408
914331093033263104
914331093897117696
914331103166697473
914331104588517378
914331107004485632
914331113350471680
914331119247441920
914331122955296768
914331132061241344
914331136951820288
914331139917193216
914331147341041664
914331149283069952
914331151577309185
914331156408967168
914331156962672640
914331158145585152
914331158351097861
914331159093403649
914331172238495745
914331172972371968
914331177292636161
914331180035481600
914331180853587973
914331183395278849
914331185395924994
914331188155752448
914331188600430594
914331188751253504
914331190101970944
914331192815624192
914331197991456768
914331198532603904
914331199530713090
914331201699221505
914331204333260800
914331205386072064
914331209697808384
914331210574426112
914331211396460545
914331214839812096
914331215884296192
914331220124848128
914331222326652928
914331223299907584
914331224369516544
914331224877015040
914331227984994305
914331229737979905
914331235018792960
914331238894329863
914331241608073216
914331241956200449
914331245110317056
914331247836528646
914331249422020611
914331254304120833
914331262566977537
914331263686897664
914331269810364416
914331277771333634
914331278366748672
914331281231536128
914331281474846725
914331284918300672
914331295081287681
914331299653005313
914331301938909186
914331303629262853
914331306779185154
914331323535364096
914331325330464768
914331333333094400
914331337628188674
914331337804386305
914331342678237184
914331345589063680
914331348659208192
914331349158203392
914331356590739456
914331356850659328
914331358004002816
914331360852168706
914331361422512128
914331364089937920
914331366359101440
914331373510393858
914331373883854848
914331376865939457
914331385866973184
914331399850745856
914331403713728513
914331404174999552
914331410726572032
914331414232829952
914331414815965185
914331414967005185
914331424358092800
914331424592769025
914331425696047105
914331428367880192
914331438782210048
914331452430483457
914331458214535168
914331462085877760
914331462517760001
914331463390085120
914331463717392384
914331465147715585
914331465990754306
914331466099826688
914331478670106624
914331488446857216
914331491726794752
914331493995966464
914331494889525248
914331495061442560
914331499159269376
914331500602183680
914331500727930882
914331502854406144
914331530755018752
914331531690180610
914331543304376320
914331543631532033
914331544080338945
914331544805937152
914331548429705217
914331549016973312
914331551495802881
914331555656593408
914331562275196929
914331564443541505
914331566263988225
914331568184979459
914331568960884737
914331573964636160
914331577177354241
914331579274743808
914331579442450432
914331583485583360
914331584555253760
914331589525504000
914331590573953025
914331590687428610
914331594038456321
914331600678203393
914331601315737600
914331608341254145
914331608903290880
914331609574330368
914331611457400832
914331616440344576
914331618000719872
914331621096116224
914331625835687936
914331625860853760
914331626078920704
914331626150285312
914331629199462400
914331631598604288
914331632005533696
914331632638791680
914331632940621824
914331632995201024
914331636350820352
914331636568936448
914331637525155840
914331641291706370
914331643091066880
914331656395292672
914331659507519488
914331662007271426
914331663022170112
914331666293850112
914331668219142144
914331668353290240
914331669812924416
914331671109005313
914331672425922560
914331674250547200
914331684128088064
914331685617053696
914331689287077889
914331696069332993
914331696409006086
914331696492769280
914331699093401600
914331699705782273
914331706878021632
914331707326779392
914331709721710593
914331713978765312
914331714515800065
914331725249044480
914331726356377601
914331730085113856
914331732295520257
914331735038492672
914331738146525184
914331739883032576
914331743364186112
914331745591468032
914331754881675265
914331758757376000
914331762947493889
914331764428034048
914331764536967168
914331779821076482
914331782732017664
914331788700299268
914331795461681152
914331800167751680
914331810770903041
914331813530734594
914331815950848005
914331817263509504
914331820950413312
914331823437701121
914331829032939520
914331831142674433
914331832778461185
914331837022994432
914331838864293888
914331849660538880
914331859823284224
914331865770790913
914331868530708482
914331869713375232
914331880224378880
914331887132229634
914331887904141313
914331892694097920
914331895978131456
914331898696142849
914331899073503232
914331912000425984
914331915871645699
914331924973355008
914331928618135552
914331929780121600
914331939384983552
914331941561757697
914331943889649664
914331944204345344
914331946406248448
914331953159131136
914331954832658432
914331960566276096
914331961698566146
914331971077181440
914331982074716160
914332005738872837
914332007907303425
914332008800800768
914332011145207809
914332015947915264
914332020410585088
914332039633043456
914332049514942464
914332049611386881
914332051435700224
914332051997851650
914332054740983808
914332055160401920
914332062219345920
914332071128109062
914332074479407104
914332075859283968
914332079122296832
914332083719467008
914332088031170560
914332092548382720
914332093739450368
914332094993543168
914332096734171136
914332096830820352
914332096927354880
914332097074143232
914332099548770306
914332101658288128
914332103566921728
914332105693425664
914332112681078784
914332113847177216
914332115466117120
914332118968397824
914332123909238784
914332130825703424
914332134298529793
914332138589192194
914332138866139136
914332141390983168
914332149129596928
914332163335704576
914332164895977472
914332168259809281
914332170092769280
914332170218389504
914332176853995520
914332177319333888
914332184701427713
914332186748239872
914332187226492929
914332187301863424
914332189550157825
914332190997180416
914332191802273793
914332195942043649
914332197753995264
914332205517819906
914332207283605504
914332209217228800
914332214359453696
914332216511012864
914332218733948928
914332219644182528
914332222873841664
914332224262156293
914332227969933312
914332228779421698
914332231182807041
914332233913323521
914332244839424000
914332250027823104
914332256466096130
914332259611758593
914332261893459968
914332263537631232
914332263579570176
914332267518074880
914332268663050241
914332279257825280
914332279429750784
914332279719133185
914332280755294208
914332282202284037
914332288435007488
914332296148340737
914332296924327937
914332297016561664
914332300627861504
914332303534501888
914332307334533121
914332309473685505
914332315899199488
914332325403549696
914332333515448320
914332335058952192
914332335608393728
914332335750905856
914332336208142337
914332336736653314
914332339018375168
914332340742221824
914332341228666881
914332341882937349
914332346077319169
914332348459741184
914332352406532096
914332353442480129
914332358614102017
914332359025074176
914332362753716224
914332368978112513
914332370093924352
914332370169409536
914332371566043138
914332381770911745
914332383444455424
914332385935806464
914332385998643200
914332391493242880
914332404965412865
914332408635318272
914332412368130048
914332414784061441
914332415320932352
914332416449200133
914332428197560320
914332428558356480
914332444769214465
914332445222125568
914332445499047936
914332448707579905
914332454462328833
914332456857292801
914332458929344512
914332469758799872
914332470031429632
914332473961705473
914332479632310272
914332481565990912
914332482127921157
914332484023783425
914332488557662208
914332489346248705
914332493590839297
914332494371213312
914332494606012416
914332499739889664
914332502050865153
914332503036633088
914332509835599872
914332516332445696
914332517003431937
914332519037890560
914332522053603329
914332525635530752
914332526054952960
914332530509303808
914332535613771776
914332535865438208
914332539086614528
914332539610951680
914332541246730240
914332544954359809
914332548393775104
914332550667145216
914332550675488768
914332553523294208
914332560653565953
914332560884350976
914332561790312448
914332571562942464
914332576361332736
914332577263161345
914332577934331905
914332578487853056
914332590282289152
914332590601105409
914332597307740160
914332600927481856
914332601883619328
914332603821432832
914332604870135811
914332611081850880
914332614609252353
914332623366905856
914332624277196800
914332624948252673
914332630505578497
914332640429273089
914332646104322048
914332649459765248
914332651900870656
914332652735422464
914332654765346816
914332662113939459
914332668485128192
914332673979633666
914332680434499585
914332681722359808
914332699212558336
914332709924810752
914332714542694404
914332716660809729
914332717197619200
914332718208573440
914332718401331200
914332726005600256
914332726232264706
914332731915620353
914332733891121152
914332734805495808
914332735719837696
914332749263249408
914332757580328961
914332762726903808
914332764433940480
914332767407759366
914332769614000129
914332771014688768
914332777092395008
914332782318333953
914332782784073728
914332785057378305
914332785527087104
914332787120984064
914332793517289474
914335542501888001
914335543718240256
914335544422871040
914335544624238592
914335545421123584
914335545731502081
914335548206125056
914335548684341249
914335549292498944
914335551129604097
914335552350113792
914335553939701760
914335565499187200
914335569450323973
914335575825633285
914335576744226817
914335577553735680
914335579269210113
914335583832625152
914335592372166656
914335592967581697
914335604577640450
914335607106744321
914335609115828224
914335615558094848
914335618162814981
914335618339164161
914335623640518656
914335625909821442
914335632901713920
914335636320129024
914335639180500992
914335640635965440
914335643454414848
914335648001208321
914335649586655232
914335651725688832
914335653495803905
914335658939994113
914335659724226561
914335660873576448
914335662156816384
914335662815539200
914335663809581061
914335665109823488
914335666879660032
914335676564373504
914335679999561728
914335681370918918
914335703114199040
914335704074772480
914335707770040320
914335710697664512
914335710739619840
914335712455151616
914335715613446145
914335726761848832
914335727487520768
914335730876452864
914335734663929856
914335736744247296
914335741358067712
914335741827727360
914335746974273541
914335752695062528
914335754670739457
914335767434006533
914335770973962242
914335774123765761
914335774144942081
914335780411080705
914335784706113536
914335785133985792
914335787889676288
914335800648540160
914335801600876544
914335808630300672
914335825151905793
914335826435338240
914335827697766400
914335830621261825
914335833766764544
914335843434733568
914335846341468160
914335854826369024
914335856038699008
914335856130916352
914335857674293250
914335867375730688
914335868860628992
914335869674205185
914335870622220288
914335871259746304
914335871729410048
914335873407348736
914335873612734464
914335874925551617
914335876980895744
914335879510069249
914335880202027008
914335881300807681
914335892361433088
914335895335006209
914335898208047105
914335903606124544
914335903627206656
914335912284217344
914335923210420224
914335924464603142
914335926716858369
914335932232404993
914335933578833920
914335941946257408
914335943745851392
914335947382194176
914335967514730496
914335969494601728
914335970064867328
914335977820377088
914335996543516673
914335997625761792
914335997785239552
914336003841773568
914336006786166785
914336013400539137
914336020337917952
914336022292500480
914336024569856002
914336025132126208
914336029431226368
914336029901049856
914336030857117696
914336035630436352
914336044035821568
914336044258086913
914336045654667264
914336049932812288
914336062490718208
914336066873720832
914336067674918912
914336070518616065
914336078688956416
914336080735997952
914336081268555777
914336082702999552
914336092891090944
914336093427896320
914336099094339584
914336110188417024
914336116286689285
914336119369723906
914336120376221696
914336128190308353
914336135744286720
914336143138869248
914336148448792576
914336156111732736
914336160243167232
914336162830938112
914336163078578181
914336165314035713
914336169147674624
914336175405576192
914336178362601472
914336181877395456
914336184242802689
914336185438359557
914336190953775106
914336192010874881
914336193185304576
914336202488086530
914336206061785088
914336207357857792
914336207361916928
914336212625891328
914336215918432256
914336220859322370
914336225116524544
914336228790718464
914336230631907329
914336491970498560
914336498350268418
914336500074139648
914336502804471808
914336512434593792
914336523176353792
914336523264446464
914336529421619201
914336529757204490
914336530205986817
914336535436189696
914336541786259457
914336542939893761
914336556789493761
914336557498122241
914336558748176384
914336567002411009
914336571494715393
914336571536457730
914336574984265729
914336586611019776
914336592696930304
914336595528085504
914336596312432640
914336601358049280
914336603148918784
914336604868640771
914336615207665664
914336616663195649
914336622556061696
914336627048120321
914336636405784576
914336637546520576
914336637919694848
914336638364299265
914336638741999617
914336646371336198
914336647789002754
914336652528685063
914336660556517376
914336661344968704
914336672564748289
914336673491759110
914336674313850880
914336676033556480
914336677115637760
914336678478848000
914336680827588609
914336682438283265
914336685441331200
914336688939454465
914336691900391424
914336698833801216
914336703740907520
914336705863311361
914336708438712321
914336712888913925
914336714478338048
914336718706184192
914336719880675328
914336729389256706
914336743167475712
914336748343263235
914336754399838208
914336762734039040
914336764403187712
914336772661923840
914336780144533504
914336787702665217
914336796107870208
914336800134623232
914336807738908677
914336820753711104
914336840232120320
914336851921702912
914336858053603328
914336858171207680
914336860117307393
914336861241344001
914336862248034304
914336866400374785
914336873425899521
914336878303645696
914336879981547520
914336880862281728
914336889213210625
914336891562012673
914336892006608896
914336893487190016
914336912634208257
914336915452780545
914336915914182656
914336916098682880
914336916648153090
914336922121711621
914336923505889281
914336928329211904
914336933085622272
914336936805961728
914336942808027136
914336944527740929
914336950768857089
914336951699832833
914336957278408709
914336957555249152
914336962315673601
914336970549207040
914336974235996161
914336980066095104
914336981261398017
914336990153334784
914336992300797952
914336998160248832
914336999330291713
914337007387729920
914337015453413376
914337016636215296
914337024743702528
914337034470330368
914337036307398656
914337037188288513
914337039310397441
914337044461002752
914337044721229824
914337050962399232
914337053914959877
914337058667335681
914337064232951808
914337067211067392
914337068414840833
914337071153782784
914337085661749248
914337086622253056
914337094318919680
914337118641463297
914337124425633792
914337131757211648
914337132969435136
914337134408060928
914337138925293570
914337143279013888
914337144302391296
914337144608567297
914337146265391104
914337146974146560
914337151860473856
914337154880331776
914337157384249344
914337160379105280
914337162363047941
914337164984545281
914337165953437696
914337171976355841
914337176191725569
914337177655373824
914337185842769920
914337189340733441
914337196286427137
914337199147032577
914337202494087168
914337204281004033
914337205140824064
914337207384764417
914337209637068800
914337215492136960
914337215970467840
914337216108707845
914337217044037632
914337221460873216
914337222844919809
914337226921738240
914337231459934209
914337235641815040
914337236262412289
914337238720434176
914337239538298881
914337244470743040
914337255057129472
914337256445374464
914337257154334721
914337258819411968
914337259842932736
914337260648173569
914337268743024640
914337270026600448
914337272459390978
914337273855885312
914337275231838209
914337276724961282
914337281875501056
914337282131353600
914337282592665600
914337283557470210
914337286849990657
914337287261040640
914337288372604928
914337290813616128
914337302708600835
914337303199326208
914337311667752960
914337312674283522
914337312829591552
914337316256264192
914337322908479489
914337324196073472
914337332244951040
914337332257361920
914337333431775232
914337344156774400
914337344878202880
914337350259400704
914337351740084224
914337356865556485
914337367942500352
914337368949235714
914337375836393472
914337378663268353
914337387739799553
914337405355913216
914337410875609088
914337413123756032
914337418609872896
914337422644740098
914337423873789953
914337425316503554
914337429036953600
914337430815350784
914337436674662405
914337437723144192
914337439564619781
914337441405947904
914337442324516864
914337446317264897
914337446451712000
914337447835774976
914337448297189376
914337448435617793
914337448947339264
914337453045141504
914337454819180544
914337457688252417
914337458145374215
914337458397044737
914337459642814464
914337471822991360
914337481750966277
914337487979397120
914337491070574592
914337496875466752
914337499887042560
914337501371920384
914337502143508480
914337503947186176
914337504052023297
914337504840560640
914337506925121536
914337514231648256
914337527234011136
914337527485616129
914337531222573056
914337556623486977
914337559823691776
914337560398266368
914337560578666496
914337567344140288
914337577163005952
914337577892802560
914337582288297984
914337588726525953
914337593294286848
914337596326719495
914337600432992256
914337600978030592
914337607072464898
914337612604825600
914337622893502464
914337632372453376
914337647291768832
914337654921101317
914337657521455104
914337658092101632
914337676211482625
914337687095652352
914337689587126274
914337700534214656
914337702148923392
914337704325685248
914337711535808512
914337719563689984
914337726857695232
914337729017733121
914337730737426433
914337734742892545
914337740375851011
914337742057885696
914337754594586624
914337754800181250
914337760554754049
914337761229983744
914337770843377664
914337771610832901
914337775406637056
914337777327755264
914337783665192960
914337791173120000
914337794700582912
914337795849699329
914337798311858176
914337807614795776
914337811523764224
914337812220014592
914337814397022208
914337819425771520
914337826514309125
914337829471363072
914337841143980032
914337848140079104
914337848551190528
914337855198998528
914337860525756416
914337860802580480
914337862761328642
914337863994630144
914337877709832193
914337888610926592
914337898547286016
914337913550376960
914337915911667713
914337919606956033
914337921536331777
914337925336203264
914337932579713024
914337935197011977
914337948996329473
914337949478719488
914337953140416512
914337956122341377
914337957372293123
914337960736313344
914337968483004416
914337969733070849
914337974388760576
914337989790224385
914337992692572160
914337994823397376
914337995377070080
914337997436448768
914338005288022017
914338006592606208
914338008329080833
914338010161991680
914338010174558208
914338013395566594
914338020626534400
914338022002511877
914338022082203649
914338022304317441
914338022715482113
914338025592811520
914338026163179520
914338031028641792
914338031091331072
914338037986758659
914338039559725056
914338046085963776
914338046367096832
914338058836856832
914338066193698817
914338071063269376
914338072937893889
914338074913624065
914338076717125632
914338077472157696
914338078826704896
914338082039762944
914338091787317248
914338091833294848
914338092152164352
914338093360021505
914338101421539329
914338102193397762
914338102524747777
914338105146187777
914338108551942150
914338113526181889
914338115510136832
914338118488096768
914338118907592704
914338123567521792
914338125987635200
914338126348394496
914338135470944256
914338150063001600
914338156132159488
914338156408967169
914338159080738817
914338168043864064
914338168182378497
914338171411873792
914338172217253888
914338175450890240
914338176994385921
914338184703684609
914338190097551360
914338196208717824
914338199383584769
914338199555661825
914338200361070592
914338205134028800
914338205243232256
914338207982145536
914338208384610304
914338210230210562
914338216337174528
914338217796792322
914338218866348032
914338219399041024
914338225732407296
914338225740767232
914338226092904448
914338248121491457
914338249342160896
914338258200358912
914338262205972480
914338263896379392
914338266282909697
914338266781933568
914338270615568390
914338274923110407
914338278043734017
914338278316363777
914338285215813638
914338287317340160
914338291691999237
914338292677709824
914338294728507392
914338298763542528
914338306309132288
914338314697797634
914338317197611009
914338324009033729
914338325284233217
914338334897471488
914338339171524608
914338341428088834
914338350043189250
914338354321293313
914338358045720576
914338359501352960
914338375724802048
914338376127574016
914338376207171585
914338376857382912
914338377176174597
914338379545944069
914338381223604224
914338386072281088
914338387485646848
914338388035084290
914338395580719109
914338395953991681
914338396604071936
914338396662775808
914338399057797125
914338406972375041
914338409849802754
914338410633895936
914338413570134016
914338414069211137
914338414564073474
914338416925519873
914338422298312705
914338430510931969
914338430599008261
914338432897437697
914338441265065984
914338445966716928
914338451646029826
914338467500392448
914338471128584192
914338471208091648
914338473456287745
914338474924347392
914338475763048448
914338477889683456
914338480825741312
914338488115388416
914338488295845890
914338493144342528
914338501675573248
914338508713660416
914338511192559616
914338515420372993
914338517798588416
914338522047373312
914338522559057921
914338528150073344
914338529907527680
914338531304017921
914338534127017984
914338534890250241
914338540590436352
914338550308630528
914338551319293952
914338558734929920
914338562010681344
914338563679850497
914338566595055616
914338576678182913
914338593606373377
914338595766448128
914338598006255617
914338600346689536
914338610232594432
914338612736663553
914338612736675840
914338620298878977
914338625004855297
914338626179395584
914338637528965120
914338638887972865
914338642331619328
914338644646916096
914338650745442304
914338658840281088
914338663852597248
914338663986864128
914338671037267969
914338672350294017
914338674220851200
914338675265118208
914338686548013056
914338690356391936
914338691820032000
914338694873718784
914338696270417920
914338696341721088
914338704616853504
914338709360832512
914338717896200192
914338720857419783
914338720966434817
914338727090114560
914338728415498242
914338743003242496
914338744509091841
914338750334877698
914338752935469056
914338765606461441
914338767418347521
914338777614741505
914338783646056449
914338787693543425
914338790952570880
914338793263652864
914338793393713153
914338796606513155
914338801480171521
914338810691022848
914338810715967488
914338811995410433
914338822665666561
914338823840190465
914338827338227712
914338831167623168
914338832572547073
914338837668667393
914338840713859072
914338841057775618
914338847827390464
914338851182612480
914338853883830273
914338858430427137
914338859701407745
914338860414283776
914338860615786497
914338863996444673
914338864101281792
914338864147419136
914338868538826752
914338874465280001
914338875723706368
914338881151098880
914338882774122497
914338882820431872
914338887593467904
914338897643130880
914338907076120576
914338907646554112
914338917385592838
914338921462591488
914338929238728706
914338929876230144
914338936742432772
914338936826232832
914338937233186817
914338940101967873
914338940777304064
914338941209374720
914338941616005120
914338944581545985
914338946322231302
914338952122843136
914338959391625217
914338968157556736
914338974260432896
914338975002763264
914338989741678592
914338992325349376
914338999204028416
914339001712160771
914339012646703104
914339015402430464
914339015737954304
914339015788302336
914339018682327040
914339029507854336
914339029574758405
914339029876797440
914339030376026112
914339033333010432
914339034276626433
914339036579364869
914339037460287488
914339040400351232
914339047631474690
914339056410009600
914339060793200641
914339061590102016
914339066400911361
914339069705977857
914339074646953984
914339093772886016
914339095840686080
914339109707173888
914339110269210624
914339111997198337
914339117856694272
914339126484328448
914339129596481536
914339131777601537
914339133421535232
914339141986512896
914339148961546240
914339162202955776
914339175754633216
914339178187329537
914339178833416192
914339181182062592
914339181446303744
914339181689794560
914339188014710784
914339190489452544
914339194067128321
914339198861266946
914339199884677121
914339201713410048
914339209837760514
914339211251208192
914339214195531776
914339215823052800
914339216573612033
914339219098816512
914339224345653249
914339225172152320
914339231257944064
914339232369410048
914339233812353024
914339236479827968
914339242393956354
914339250010836997
914339251382292480
914339253932445697
914339256247750656
914339256725852160
914339259359907846
914339264531279872
914339271200444416
914339287105228800
914339289047191552
914339291005837312
914339292708605953
914339301583855616
914339316737900544
914339317157289984
914339322383519744
914339322593193985
914339322945515525
914339324308676608
914339328112889857
914339332579831808
914339334215684097
914339351647199232
914339358404169729
914339359201120258
914339370039222272
914339372396244993
914339372694196224
914339375584079873
914339378033344514
914339379946061824
914339383980982273
914339393858605056
914339402360459264
914339402448379904
914339404935843841
914339407649542144
914339423600353280
914339433855451136
